BLOCK RESULTS
401.bzip2,3.3330009767997737,2.255289467874758,1.7223185499893168
429.mcf,1.0911320905790383,1.051924068121026,1.0287367260194862
456.hmmer,1.0106064131657746,1.005578705885874,1.0030279123393817
458.sjeng,10.289351282315794,5.646579367883487,3.3253120004633594
470.lbm,1.8687237771257483,1.8687237771257483,1.8687237771257483
L2 ASSOC RESULTSL2 ASSOC RESULTS
401.bzip2,2.255289467874758,2.250121561491934,2.2462550020021452,2.244911176427886
429.mcf,1.051924068121026,1.0512610772106314,1.0509835810151043,1.0507595840861021
456.hmmer,1.005578705885874,1.005576205892199,1.005576205892199,1.005576205892199
458.sjeng,5.646579367883487,5.646473368065807,5.646438368126007,5.646432368136327
470.lbm,1.8687237771257483,1.8687237771257483,1.8687237771257483,1.8687237771257483
L1D ASSOC RESULTS
1,2,4,8401.bzip2,2.258442725349429,2.255289467874758,2.2534902708377746,2.2516989898279753
429.mcf,1.0529049546730713,1.051924068121026,1.051718610937844,1.0516015525427147
456.hmmer,1.0072846815697556,1.005578705885874,1.0051677669255497,1.0052359267531052
458.sjeng,5.647985565464827,5.646579367883487,5.646467948075129,5.646432108136774
470.lbm,1.8687237771257483,1.8687237771257483,1.8687237771257483,1.8687237771257483
L1I ASSOC RESULTS
1,2,4,8401.bzip2,2.255297823681229,2.255289467874758,2.255289467874758,2.255289467874758
429.mcf,1.0519244281160904,1.051924068121026,1.051924068121026,1.051924068121026
456.hmmer,1.0057186255318773,1.005578705885874,1.0055782258870885,1.005578105887392
458.sjeng,5.646671787724525,5.646579367883487,5.64654280794637,5.646535927958204
470.lbm,1.8687237771257483,1.8687237771257483,1.8687237771257483,1.8687237771257483
L2 SIZE RESULTS
512kB,1MB,2MB,4MB401.bzip2,2.2637802066276995,2.2462550020021452,2.2361405781280546,2.231741286000795
429.mcf,1.0525985588737579,1.0509835810151043,1.0493991027383014,1.0472821317619736
456.hmmer,1.0055767058909342,1.005576205892199,1.005576205892199,1.005576205892199
458.sjeng,5.646470868070107,5.646438368126007,5.646431868137187,5.646325868319506
470.lbm,1.8687237771257483,1.8687237771257483,1.8687237771257483,1.8687237771257483
L1 SIZE RESULTS
401.bzip2,2.255289467874758,2.242906422553713,2.242906422553713
429.mcf,1.051924068121026,1.0516173523260997,1.0516173523260997
456.hmmer,1.005578705885874,1.0036350508033214,1.0036345108046876
458.sjeng,5.646579367883487,5.646358088264088,5.646315148337945
470.lbm,1.8687237771257483,1.8687237771257483,1.8687237771257483
INST RESULTS
401.bzip2,1.0,1.0,1.0,1.0,1.0,1.0
429.mcf,1.0,1.0,1.0,1.0,1.0,1.0
456.hmmer,1.0,1.0,1.0,1.0,1.0,1.0
458.sjeng,1.0,1.0,1.0,1.0,1.0,1.0
470.lbm,1.8687237771257483,1.8687237771257483,1.8687237771257483,1.8687237771257483,1.8687237771257483,1.8687237771257483
INST RESULTS
401.bzip2,9.516898608349901,5.125917112829665,4.5137153667284124,4.452907477101169,6.089561218472485,2.255289467874758
429.mcf,9.34990059642147,4.5201516360734235,1.5744132112439522,1.2470565060839707,1.2088548478236458,1.051924068121026
456.hmmer,9.015904572564612,5.243464378367591,1.8451303991443337,1.1512642855214383,1.029331662685879,1.005578705885874
458.sjeng,9.628230616302186,4.060127846584098,1.4888813342398912,1.0984528185661773,5.396377207245585,5.646579367883487
470.lbm,1.8687237771257483,1.8687237771257483,1.8687237771257483,1.8687237771257483,1.8687237771257483,1.8687237771257483
